8.379 6.383 9.130 7.260 8.536 7.137 7.329 6.596 6.872 7.164 7.161 6.571 6.474 6.586
  [15] 6.691 6.556 6.392 6.327 6.260 6.300 6.448 6.904 6.316 6.126 6.249 6.259 6.604 6.480
  [29] 6.336 6.399 6.570 6.478 6.219 6.405 6.768 6.662 6.256 6.298 8.128 6.956 6.283 6.707
  [43] 6.222 7.211 6.261 6.482 7.680 7.212 6.162 6.178 7.263 6.572 6.327 7.067 6.708 6.539
  [57] 7.130 6.809 6.497 6.487 6.449 6.388 6.278 6.314 6.350 6.613 7.412 6.296 6.543 6.898
  [71] 6.585 7.048 6.382 6.459 6.486 6.391 6.200 7.603 6.252 6.964 7.104 6.948 6.638 6.892
  [85] 6.553 7.395 6.910 6.544 6.629 6.695 6.910 6.358 7.474 6.457 6.491 6.902 6.363 6.351
  [99] 6.408 6.245 7.302 6.499 7.062 6.430 6.977 6.546 6.314 6.388 7.041 6.400 6.304 6.621
 [113] 6.973 6.585 6.181 6.471 6.740 6.377 6.197 6.545 6.359 7.217 6.286 6.361 7.507 8.268
 [127] 7.248 7.448 7.806 6.396 6.369 7.482 6.362 6.264 6.836 6.496 6.422 6.408 6.819 6.500
 [141] 6.429 6.274 7.271 6.702 6.328 7.348 6.324 7.305 7.031 6.484 6.553 6.946 6.891 7.246
 [155] 7.176 7.899 6.576 6.985 6.457 6.306 6.686 7.847 6.426 6.401 7.205 6.875 6.452 6.521
 [169] 7.410 6.491 6.445 6.631 6.313 6.610 6.859 7.237 6.768 6.780 6.835 6.257 7.461 7.391
 [183] 8.659 7.173 7.778 6.990 7.479 7.223 7.711 7.728 7.134 7.361 7.112 7.138 7.752 7.563
 [197] 7.467 7.200 7.003 7.189 7.757 7.452 7.631 7.298 6.939 7.261 6.866 6.735 7.236 6.854
 [211] 6.708 7.062 6.802 6.841 6.770 6.810 8.146 7.523 7.171 7.610 6.597 6.609 7.729 7.330
 [225] 6.895 6.551 7.187 6.592 6.743 7.198 6.714 7.097 7.665 7.157 7.391 8.454 6.637 6.745
 [239] 7.397 6.854 6.836 6.661 6.756 7.327 6.839 6.988 6.676 6.833 7.018 6.834 6.615 6.600
 [253] 6.449 6.615 6.442 6.515 6.454 6.699 6.491 6.574 6.761 6.820 6.460 6.664 6.701 6.947
 [267] 6.774 6.726 6.570 6.827 7.216 7.034 6.708 6.704 6.777 6.827 6.460 6.493 6.642 6.638
 [281] 6.671 6.497 6.549 6.510 6.633 6.495 6.710 6.563 7.569 6.474 6.611 6.378 6.482 6.481
 [295] 6.833 6.527 6.969 6.716 6.502 6.570 6.501 6.908 7.420 7.185 6.599 6.904 6.650 6.414
 [309] 6.757 8.237 6.510 6.576 6.402 6.416 6.485 6.715 6.581 6.542 6.667 6.731 6.448 6.466
 [323] 6.426 6.459 6.457 7.770 6.839 7.018 6.610 6.684 7.458 6.225 6.399 6.316 6.719 6.335
 [337] 6.762 6.498 6.603 6.949 6.501 7.298 6.532 6.526 6.662 6.457 6.560 6.338 6.919 6.437
 [351] 6.916 7.067 7.359 6.496 6.537 6.690 6.927 6.573 6.457 6.401 7.567 7.020 6.910 7.261
 [365] 6.791 7.092 7.327 6.664 6.944 6.507 7.140 6.174 6.602 6.717 6.283 6.748 6.170 6.440
 [379] 6.173 6.276 6.315 6.446 6.070 6.465 6.526 6.283 6.603 6.937 6.701 6.623 6.360 6.030
 [393] 6.330 6.104 6.513 6.530 6.567 6.395 6.410 6.609 6.419 6.194 6.372 6.278 6.473 6.080
 [407] 6.070 6.123 6.181 6.312 6.736 6.333 6.361 6.229 6.379 6.343 6.299 6.550 6.168 6.375
 [421] 6.571 6.313 6.234 6.249 6.315 6.184 6.165 6.541 6.047 6.386 6.513 6.361 6.528 6.189
 [435] 6.263 6.354 6.267 6.473 6.584 6.033 6.525 6.497 6.298 6.492 6.468 6.298 6.543 6.504
 [449] 6.723 6.392 6.708 6.580 7.087 6.071 6.236 6.290 6.762 6.140 6.568 6.730 6.300 6.434
 [463] 6.750 6.632 6.607 6.249 6.834 6.607 6.065 6.726 6.712 6.076 6.279 6.600 6.297 7.019
 [477] 6.118 6.152 6.306 6.975 6.301 6.558 6.246 6.346 6.677 6.191 6.682 7.006 6.178 6.949
 [491] 6.273 6.306 6.214 6.101 6.762 6.374 6.247 6.342 6.403 6.412 6.333 6.202 6.363 6.238
 [505] 7.102 6.255 6.318 6.458 6.285 6.233 6.418 6.372 6.400 6.398 6.464 6.568 6.424 6.213
 [519] 6.423 6.482 6.476 6.632 6.256 6.404 6.194 6.280 6.526 6.340 6.196 6.500 6.892 6.377
 [533] 6.409 6.184 6.620 6.887 6.256 6.313 6.143 6.470 7.610 6.766 6.872 7.188 6.765 6.702
 [547] 6.754 6.364 6.453 6.298 6.601 6.498 6.438 6.431 6.418 6.276 6.633 6.577 6.913 6.462
 [561] 6.431 6.442 6.623 6.357 6.457 6.434 6.451 6.430 6.298 6.559 6.550 6.878 6.897 6.235
 [575] 6.338 6.667 6.894 6.479 6.385 6.602 6.376 6.490 6.640 6.497 6.218 6.472 6.688 6.747
 [589] 6.540 6.437 6.416 6.414 7.147 6.789 6.361 6.523 6.362 6.444 6.173 6.333 6.672 7.207
 [603] 6.247 6.285 6.469 6.344 6.678 6.458 6.761 6.828 6.372 6.403 6.534 6.355 6.426 6.418
 [617] 6.260 6.815 6.451 6.765 6.394 6.233 6.192 6.076 7.210 6.377 6.193 6.533 6.751 6.464
 [631] 7.964 6.196 6.441 6.523 6.224 6.326 6.578 6.604 6.596 6.542 6.274 6.306 6.534 6.275
 [645] 6.472 6.343 6.462 6.592 6.456 7.059 6.472 6.466 6.687 6.937 6.951 6.617 6.644 6.400
 [659] 6.479 6.553 6.319 6.772 6.688 6.330 6.832 6.547 6.746 6.639 6.534 6.437 6.186 6.384
 [673] 6.516 6.674 6.940 6.768 6.937 7.077 6.800 6.425 6.534 6.474 6.628 6.786 6.582 6.569
 [687] 6.434 7.428 6.543 6.640 6.351 6.422 6.487 7.459 6.341 6.641 6.700 6.657 6.858 7.515
 [701] 6.347 6.307 6.549 7.294 7.258 6.501 6.434 7.104 6.306 6.827 6.586 6.994 7.093 6.203
 [715] 6.641 7.032 6.439 7.048 6.254 6.962 7.915 6.734 6.403 6.752 7.646 6.345 6.838 6.376
 [729] 6.441 6.680 7.112 6.370 6.336 6.329 7.151 6.741 6.582 7.385 6.354 6.507 7.215 6.248
 [743] 6.335 7.100 6.458 6.608 6.932 6.287 6.866 5.538 6.879 6.302 6.323 6.294 6.360 6.274
 [757] 6.269 7.284 6.509 6.550 7.260 6.310 6.678 7.247 7.053 6.296 6.349 6.544 7.058 6.345
 [771] 6.861 6.509 6.419 6.245 6.279 7.858 7.070 6.402 6.541 7.221 6.523 6.921 6.339 6.388
 [785] 6.843 6.463 6.635 6.310 6.647 6.955 7.606 6.984 6.392 6.722 6.370 6.821 6.588 7.028
 [799] 6.443 6.320 6.641 6.216 6.256 7.463 7.337 6.436 7.183 6.519 6.519 6.276 7.505 7.066
 [813] 6.427 6.154 6.834 6.143 6.492 6.480 6.374 6.346 6.650 6.903 6.756 6.131 6.539 6.190
 [827] 6.365 6.474 6.238 6.833 6.304 6.311 6.149 6.215 6.224 6.227 6.659 6.272 7.216 6.533
 [841] 6.849 6.223 6.558 6.242 6.476 6.406 6.674 6.160 6.288 6.536 6.461 6.336 6.114 6.416
 [855] 6.301 6.250 6.396 6.530 6.935 7.240 6.402 6.359 7.045 6.350 7.522 6.797 6.309 6.341
 [869] 6.602 6.145 6.325 6.757 6.277 6.432 6.205 6.273 6.274 6.497 6.324 6.110 6.830 6.216
 [883] 6.176 6.095 6.192 6.328 6.368 6.544 6.745 6.237 7.261 6.126 6.953 6.137 6.370 6.266
 [897] 6.287 6.131 6.907 7.035 7.817 6.544 6.578 7.023 6.645 6.637 6.532 6.537 6.341 6.418
 [911] 7.311 6.781 6.721 7.015 6.421 6.371 6.331 6.426 6.470 6.456 6.831 6.292 7.037 6.592
 [925] 6.510 6.243 6.423 6.552 6.284 7.056 7.118 6.480 6.182 6.997 6.566 6.477 6.475 6.301
 [939] 6.411 6.620 7.087 6.161 6.237 6.375 6.473 6.158 6.494 6.292 6.193 6.286 6.749 6.380
 [953] 6.266 6.282 6.216 6.238 6.345 7.745 6.388 6.889 7.062 6.440 6.574 6.387 6.328 6.224
 [967] 6.199 6.357 6.556 6.426 6.391 6.420 6.129 6.429 6.287 6.140 6.659 6.323 6.429 6.366
 [981] 6.464 6.293 6.400 6.282 6.061 6.368 6.594 6.212 7.079 6.451 7.531 7.155 6.590 6.341
 [995] 7.339 6.318 6.227 6.614 7.058 6.740 6.476 6.629 6.532 7.002 7.474 6.466 6.566 7.039
[1009] 6.774 6.520 6.657 7.356 6.426 6.692 6.317 6.391 6.219 6.489 6.484 7.788 6.488 7.021
[1023] 7.517 7.286 6.711 6.455 7.142 6.506 6.725 6.537 6.411 6.501 6.947 6.390 7.430 6.312
[1037] 6.183 6.056 6.450 6.292 6.343 6.637 6.419 6.422 7.334 6.966 6.669 6.503 7.132 6.400
[1051] 6.807 6.857 6.633 6.346 6.446 6.270 6.825 7.194 6.467 6.296 6.622 6.303 6.525 6.597
[1065] 6.322 6.384 6.337 6.229 7.099 7.567 6.602 6.766 6.396 6.691 6.246 6.410 6.968 6.496
[1079] 6.225 6.616 7.449 7.212 7.048 6.360 6.587 6.420 7.038 6.448 8.003 6.508 7.041 6.479
[1093] 6.417 6.756 6.550 6.568 6.482 6.978 6.319 7.011 7.663 6.320 7.042 6.677 6.485 6.585
[1107] 6.511 6.593 6.803 6.905 7.453 6.539 6.224 6.428 7.014 7.528 6.625 6.677 6.770 6.440
[1121] 6.686 6.485 6.292 6.255 6.588 6.800 6.677 7.224 6.362 6.536 6.523 6.438 6.686 6.218
[1135] 6.322 6.790 7.009 6.488 6.638 6.463 6.592 6.775 6.703 6.922 6.506 7.156 6.321 6.547
[1149] 6.467 6.466 6.488 6.299 6.336 6.398 6.655 7.333 6.581 7.031 6.838 6.368 6.247 6.319
[1163] 6.404 6.404 6.538 6.352 7.063 6.346 6.402 6.570 7.473 7.296 6.422 6.402 6.392 6.691
[1177] 6.704 6.591 6.375 6.548 6.147 6.378 6.426 6.562 6.907 6.421 6.398 6.539 6.319 6.509
[1191] 6.758 6.483 6.583 6.428 6.553 7.296 6.450 7.024 7.695 6.801 6.565 6.394 6.323 6.113
[1205] 6.695 6.801 6.732 7.278 6.668 6.542 6.863 6.231 6.381 6.730 6.411 7.055 6.805 7.048
[1219] 6.853 6.465 6.294 6.601 6.640 6.469 6.540 6.727 6.556 6.704 6.463 7.000 6.429 6.807
[1233] 6.672 7.200 6.476 6.737 6.684 6.675 6.574 6.557 6.625 6.528 7.258 6.500 6.715 6.401
[1247] 6.784 6.428 6.369 6.584 8.518 6.245 6.858 7.672 6.456 6.644 6.771 6.538 6.505 6.475
[1261] 7.426 6.980 6.395 6.629 7.199 6.367 7.323 6.791 6.776 7.223 7.693 6.483 6.942 6.429
[1275] 6.905 7.161 7.168 6.506 6.397 6.604 6.852 6.577 6.565 6.916 6.632 6.565 7.056 6.180
[1289] 6.452 6.639 7.191 6.384 6.728 6.815 7.516 6.559 6.457 6.812 7.194 6.424 6.554 7.348
[1303] 6.741 6.787 6.320 6.806 6.750 6.338 6.450 6.868 6.985 6.435 6.969 6.327 6.496 7.008
[1317] 6.321 6.270 6.278 6.388 6.538 6.257 6.318 7.390 7.151 6.458 6.336 6.251 5.321 6.805
[1331] 6.604 6.802 6.295 6.842 6.704 6.283 6.494 6.413 7.011 6.276 6.526 6.911 6.384 6.262
[1345] 6.641 6.321 6.968 7.104 6.653 6.647 7.565 6.385 6.319 6.236 6.781 6.854 6.953 6.438
[1359] 6.427 6.927 6.961 6.436 6.477 6.435 6.654 6.210 6.403 6.533 6.443 6.741 6.706 6.214
[1373] 6.581 6.270 6.488 6.697 6.366 6.685 6.188 6.262 6.225 6.631 6.979 6.636 6.920 6.358
[1387] 6.396 6.529 6.241 6.836 6.914 6.647 6.371 6.253 6.913 6.035 6.306 6.291 6.468 6.196
[1401] 6.284 6.561 6.372 6.461 6.344 6.639 6.246 6.890 6.512 7.075 7.469 6.898 6.207 6.727
[1415] 6.336 6.388 6.454 6.425 6.582 6.605 6.221 6.266 7.136 6.449 6.657 6.216 6.431 6.769
[1429] 6.284 6.449 6.462 6.542 6.560 6.965 7.046 6.449 6.417 6.491 6.642 6.984 7.426 6.980
[1443] 6.395 6.629 7.199 6.367 7.323 6.791 6.776 7.223 7.693 6.483 6.942 6.429 6.905 7.161
[1457] 7.168 6.506 6.397 6.604 6.852 6.577 6.565 6.916 6.632 6.565 7.056 6.180 6.452 6.639
[1471] 7.191 6.384 6.728 6.815 7.516 6.559 6.457 6.812 7.194 6.424 6.554 7.348 6.741 6.787
[1485] 6.320 6.806 6.750 6.338 6.450 6.868 6.985 6.435 6.969 6.327 6.496 7.008 6.321 6.270
[1499] 6.278 6.388 6.538 6.257 6.318 7.390 7.151 6.458 6.336 6.251 5.321 6.805 6.604 6.802
[1513] 6.295 6.842 6.704 6.283 6.494 6.413 7.011 6.276 6.526 6.911 6.384 6.262 6.641 6.321
[1527] 6.968 7.104 6.653 6.647 7.565 6.385 6.319 6.236 6.781 6.854 6.953 6.438 6.427 6.927
[1541] 6.961 6.436 6.477 6.435 6.654 6.210 6.403 6.533 6.443 6.741 6.706 6.214 6.581 6.270
[1555] 6.488 6.697 6.366 6.685 6.188 6.262 6.225 6.631 6.979 6.636 6.920 6.358 6.396 6.529
[1569] 6.241 6.836 6.914 6.647 6.371 6.253 6.913 6.035 6.306 6.291 6.468 6.196 6.284 6.561
[1583] 6.372 6.461 6.344 6.639 6.246 6.890 6.512 7.075 7.469 6.898 6.207 6.727 6.336 6.388
[1597] 6.454 6.425 6.582 6.605 6.221 6.266 7.136 6.449 6.657 6.216 6.431 6.769 6.284 6.449
[1611] 6.462 6.542 6.560 6.965 7.046 6.449 6.417 6.491 6.642 6.984 8.078 7.611 6.885 6.678
[1625] 6.556 7.396 6.917 6.964 6.967 6.546 6.930 7.106 6.645 6.670 6.580 6.248 6.335 6.689
[1639] 7.096 6.199 6.333 6.919 6.441 6.336 7.094 6.797 7.073 6.604 6.209 6.152 7.006 6.119
[1653] 6.664 6.777 6.374 6.767 7.142 7.201 6.486 6.341 6.991 6.610 6.091 6.576 6.471 7.112
[1667] 6.572 6.833 6.998 6.498 6.993 7.335 6.158 6.210 6.112 6.499 6.352 6.412 7.254 6.492
[1681] 6.607 6.578 6.563 6.935 7.294 6.595 6.515 6.246 6.525 6.432 6.356 6.152 7.131 7.069
[1695] 6.674 6.718 6.771 6.268 6.529 6.855 6.986 6.336 6.095 6.999 7.039 6.405 6.373 6.440
[1709] 6.689 6.619 7.370 6.366 6.231 6.166 6.383 6.276 6.344 6.400 6.357 7.354 7.597 6.648
[1723] 6.292 6.929 6.810 6.365 6.821 7.139 6.324 6.830 7.433 6.531 6.446 6.446 6.621 6.335
[1737] 6.775 6.337 6.528 6.325 6.775 7.782 6.821 6.717 6.270 6.781 6.264 7.016 6.671 6.844
[1751] 6.637 6.967 6.477 6.594 7.392 7.239 6.551 6.868 7.093 6.396 7.763 6.405 6.193 6.135
[1765] 6.873 6.312 7.261 6.286 7.145 6.340 6.441 6.322 6.760 7.371 6.746 6.475 6.909 6.401
[1779] 6.405 6.266 6.971 6.325 6.100 6.727 6.265 6.255 6.526 7.644 6.270 7.245 6.475 7.141
[1793] 6.881 6.610 7.475 7.853 6.318 6.481 6.761 7.006 7.618 8.200 7.107 8.437 7.654 7.136
[1807] 7.599 7.860 7.316 7.877 6.852 6.769 7.252 7.976 6.972 6.976 8.437 7.427 6.769 7.450
[1821] 7.477 6.714 7.051 7.142 6.676 8.245 7.310 6.990 7.304 7.093 7.239 6.932 7.142 7.734
[1835] 7.469 6.748 6.795 7.255 7.630 6.701 6.752 7.106 6.854 8.008 7.815 8.277 6.897 8.265
[1849] 7.628 7.137 7.390 7.340 7.631 7.158 6.714 7.036 7.367 6.879 7.119 6.894 6.588 7.026
[1863] 6.963 7.362 7.443 6.947 7.409 6.828 6.741 7.237 7.506 6.795 6.604 6.755 6.681 6.534
[1877] 8.061 7.377 7.104 6.785 6.928 6.646 7.394 7.066 7.325 7.492 6.822 7.463 6.727 6.976
[1891] 7.486 6.745 6.902 7.433 7.343 7.673 7.417 7.182 7.982 6.324 6.661 6.741 7.322 6.747
[1905] 6.841 6.626 7.185 7.143 7.200 7.327 7.763 7.530 6.635 7.392 6.548 6.541 6.455 6.660
[1919] 7.048 7.053 6.895 6.786 7.812 6.786 6.822 6.429 7.081 6.565 7.147 6.721 6.838 6.368
[1933] 6.753 6.678 6.854 6.975 7.806 7.413 6.323 6.533 7.367 6.445 7.968 6.502 6.671 6.927
[1947] 6.444 7.549 7.018 7.047 6.520 7.133 7.063 6.491 7.201 6.991 7.767 6.641 6.693 6.308
[1961] 6.488 7.055 6.481 6.533 6.594 6.616 6.755 7.489 6.715 6.461 6.311 6.979 6.490 6.800
[1975] 7.888 6.448 7.414 6.670 7.244 6.533 7.911 7.544 7.201 8.375 7.284 7.228 7.279 7.156
[1989] 7.874 7.042 7.568 7.104 6.904 7.385 7.656 7.157 6.776 7.460 6.842 7.446 7.466 7.759
[2003] 7.171 6.842 6.820 6.838 6.726 6.907 8.559 6.532 7.565 6.730 6.749 7.102 6.906 7.042
[2017] 7.034 6.800 6.829 7.240 7.422 8.035 6.839 8.085 6.510 7.752 6.742 6.666 6.728 7.182
[2031] 6.906 6.815 6.970 6.734 7.046 6.763 7.010 7.569 6.844 6.723 7.878 6.503 6.842 7.029
[2045] 8.217 6.274 6.732 7.285 6.399 6.609 7.079 7.884 7.274 7.406 8.555 7.429 6.713 6.593
[2059] 7.238 6.922 7.509 6.377 6.387 6.803 8.709 6.789 7.673 6.419 6.990 6.489 7.332 6.782
[2073] 6.531 6.497 6.284 7.232 6.759 7.230 6.993 7.372 6.582 6.328 7.179 6.312 6.640 6.835
[2087] 6.933 8.222 6.353 6.723 6.391 6.634 6.785 6.589 8.309 7.604 6.656 6.420 8.446 6.814
[2101] 6.347 6.291 7.147 6.782 6.926 6.733 7.019 6.504 6.698 7.136 6.963 6.791 6.945 6.934
[2115] 7.010 6.717 6.786 6.554 6.457 7.410 6.531 7.010 7.205 6.518 7.135 7.426 6.863 6.731
[2129] 6.784 7.416 7.032 6.655 7.535 7.123 6.719 6.689 7.311 7.206 6.784 7.490 6.569 7.288
[2143] 6.857 6.812 8.292 6.654 6.926 6.849 7.452 6.792 6.952 7.141 6.955 6.715 7.023 7.157
[2157] 7.656 7.047 6.393 6.433 8.468 8.154 7.074 7.117 8.788 6.910 6.757 6.689 6.585 7.053
[2171] 8.285 6.787 6.739 6.612 7.370 7.599 7.530 8.161 6.488 8.022 7.274 6.728 6.861 6.669
[2185] 8.270 7.398 7.778 7.590 7.163 6.571 7.497 6.386 6.531 8.897 6.924 6.657 6.329 6.805
[2199] 6.414 6.742 7.248 7.094 6.173 6.348 6.272 6.386 7.400 8.095 6.238 6.734 7.222 6.569
[2213] 6.397 6.321 6.410 6.460 6.439 6.294 6.230 6.416 7.113 6.497 6.463 7.767 7.338 7.185
[2227] 6.405 7.245 7.009 6.580 7.428 7.027 7.615 7.028 7.241 7.507 8.057 6.395 6.412 6.317
[2241] 7.124 6.744 7.420 7.028 8.151 6.885 6.532 6.769 7.132 6.652 7.190 6.393 6.350 6.446
[2255] 7.126 6.293 6.300 6.699 6.489 6.699 6.496 6.603 6.405 6.509 7.491 6.301 6.697 7.376
[2269] 6.474 6.511 6.446 6.964 6.648 7.287 6.390 6.478 6.609 6.475 6.363 7.355 6.681 6.542
[2283] 6.416 7.461 6.220 6.901 6.334 6.415 6.282 6.326 6.454 6.660 6.313 6.236 6.394 6.483
[2297] 6.696 7.158 6.444 7.587 6.410 6.304 6.250 6.905 7.007 6.447 6.371 6.811 6.934 6.985
[2311] 6.363 6.321 6.757 6.621 6.469 6.560 6.440 6.380 7.221 6.409 6.321 6.762 6.673 6.885
[2325] 6.938 6.212 6.890 7.658 6.435 6.450 6.503 6.441 6.745 7.139 6.622 7.307 6.729 6.429
[2339] 6.390 6.947 6.736 6.872 7.376 6.722 7.069 7.218 6.578 6.704 6.876 6.447 6.551 6.870
[2353] 7.575 7.337 6.652 6.450 6.516 6.424 6.784 6.487 6.328 6.712 6.722 6.544 6.540 6.385
[2367] 6.495 6.382 6.818 6.452 6.843 6.818 6.708 6.882 7.260 6.547 6.857 7.085 6.669 6.750
[2381] 6.585 6.873 6.204 6.445 6.497 6.579 6.417 6.658 6.675 6.465 6.562 6.538 6.418 6.989
[2395] 6.598 6.486 6.653 6.612 6.717 6.604 6.588 6.201 6.325 6.885 6.550 6.299 6.633 6.399
[2409] 6.564 6.424 6.510 6.475 6.501 6.590 6.480 6.457 6.966 6.384 6.503 7.062 6.730 6.449
[2423] 6.344 6.811 6.275 6.426 6.513 6.451 6.402 6.576 6.880 6.241 7.428 6.216 6.726 6.349
[2437] 6.248 6.285 6.458 6.817 6.561 6.403 6.413 7.603 6.362 6.200 6.485 6.404 6.135 6.400
[2451] 7.251 6.512 6.517 6.420 6.413 6.410 6.812 6.486 6.459 6.566 6.896 6.168 6.404 6.282
[2465] 6.489 6.720 6.136 6.565 6.742 6.914 7.801 6.508 6.563 6.489 6.648 6.992 6.373 6.418
[2479] 7.847 6.188 6.387 6.193 6.574 6.296 6.769 7.385 6.330 6.820 6.837 6.547 6.440 6.744
[2493] 6.572 6.402 6.439 7.168 6.203 6.514 6.448 6.592 6.737 6.388 6.382 6.291 6.314 6.805
[2507] 6.397 8.057 6.295 6.623 6.736 6.515 7.235 6.600 4.348 6.717 6.539 6.348 7.325 6.462
[2521] 7.082 6.833 7.120 6.471 7.238 6.532 6.761 6.655 6.870 6.625 6.448 6.517 6.474 6.674
[2535] 6.381 6.462 6.499 6.967 7.132 6.770 7.148 6.631 6.479 6.405 6.317 6.933 6.633 6.551
[2549] 7.436 6.482 6.813 6.190 6.413 6.635 6.603 6.761 7.094 7.476 6.427 6.666 6.891 6.454
[2563] 7.175 6.846 7.024 6.903 6.624 6.357 6.719 6.854 7.162 6.551 6.490 6.440 6.275 6.678
[2577] 6.511 6.444 6.339 7.021 6.342 6.855 6.555 6.224 6.570 6.617 6.657 6.128 6.449 6.955
[2591] 6.900 6.456 6.323 6.465 6.479 6.535 6.639 6.666 6.498 6.463 6.468 6.341 6.540 6.301
[2605] 7.094 6.474 7.215 6.578 6.494 6.556 6.869 6.385 6.324 6.438 6.447 6.358 6.570 6.460
[2619] 6.561 6.863 6.636 6.517 6.335 6.331 6.913 6.444 6.404 6.207 6.438 7.122 6.701 6.377
[2633] 6.538 6.808 7.032 6.729 6.490 6.372 6.565 6.412 6.212 7.402 6.376 6.214 6.922 6.650
[2647] 6.465 7.078 6.570 6.605 6.490 6.435 6.479 6.868 7.102 6.396 6.552 6.597 6.693 6.755
[2661] 7.311 6.027 7.559 6.887 6.472 6.504 6.703 6.536 6.485 6.466 7.267 7.101 6.630 7.113
[2675] 6.890 6.467 6.365 6.337 6.411 6.409 6.364 6.382 6.375 6.341 6.237 6.816 6.523 6.195
[2689] 6.169 6.959 6.832 6.584 6.289 6.778 6.703 6.275 6.291 6.561 6.904 6.777 7.007 6.625
[2703] 7.348 6.598 6.553 6.550 6.571 6.502 6.699 7.064 6.371 6.238 6.461 6.475 6.287 7.093
[2717] 6.825 7.030 6.938 6.495 6.305 6.502 6.367 7.306 6.489 6.766 6.541 7.836 6.529 6.910
[2731] 6.275 7.552 6.809 6.596 6.531 6.725 6.630 6.498 6.631 6.474 6.509 6.352 6.770 7.047
[2745] 6.391 6.329 6.907 6.292 6.661 6.486 6.534 7.110 6.823 6.378 6.441 6.282 6.839 7.474
[2759] 6.921 6.229 7.374 6.859 6.369 6.476 6.741 6.473 6.542 6.616 6.504 6.716 6.507 6.546
[2773] 6.325 6.481 6.528 6.765 6.431 6.482 6.821 6.730 6.574 6.398 6.293 6.664 6.935 6.756
[2787] 6.261 6.664 7.009 6.225 6.870 6.925 6.558 6.828 6.513 6.884 6.356 6.878 6.286 6.751
[2801] 7.453 6.328 6.477 7.041 6.748 6.388 6.480 6.945 6.281 6.848 7.349 7.124 6.419 6.388
[2815] 6.559 6.551 6.312 6.459 6.335 6.190 6.038 7.089 7.119 6.415 6.279 6.153 6.276 6.552
[2829] 7.100 7.718 6.632 7.814 7.276 6.834 6.925 6.877 7.823 6.402 6.782 7.806 6.468 7.352
[2843] 7.642 6.637 6.569 7.006 7.183 7.647 7.036 6.722 6.203 6.569 6.847 6.735 7.203 6.408
[2857] 6.422 6.780 6.973 6.190 6.125 6.553 7.053 6.777 6.578 6.976 7.286 7.436 6.427 7.051
[2871] 6.403 7.045 6.963 6.572 6.809 6.372 6.634 6.666 6.436 6.670 7.412 6.725 6.563 6.494
[2885] 6.885 6.952 6.881 7.189 7.499 6.684 6.631 6.814 6.902 7.004 6.743 7.145 7.461 7.115
[2899] 6.568 7.071 6.716 6.539 6.854 6.460 6.794 6.662 6.797 8.124 6.921 7.763 7.312 7.226
[2913] 7.110 6.834 6.465 6.778 6.466 6.956 6.915 6.343 7.129 7.326 6.250 6.718 7.189 6.738
[2927] 7.646 6.557 7.391 8.228 6.640 6.634 6.731 7.444 7.305 6.956 6.532 6.747 7.965 8.102
[2941] 6.833 6.459 6.903 6.683 6.973 7.309 6.926 8.076 6.530 6.884 6.341 6.662 6.603 6.613
[2955] 6.593 7.143 6.475 6.970 6.973 6.961 8.060 6.423 6.771 6.419 6.422 6.609 7.140 7.044
[2969] 6.773 6.854 7.079 6.565 7.277 6.843 6.551 7.685 6.501 6.675 6.572 6.959 6.625 6.977
[2983] 6.471 7.159 6.384 6.833 7.411 6.542 6.871 6.529 6.302 6.264 8.262 6.348 6.662 7.170
[2997] 7.567 6.532 6.367 6.635 7.665 7.726 6.599 7.928 7.052 6.579 7.619 6.818 6.666 6.956
[3011] 7.101 6.545 6.772 6.553 6.426 7.428 6.383 7.131 7.096 7.390 6.419 7.814 6.450 6.372
[3025] 7.209 7.074 6.530 8.945 6.528 6.961 6.301 6.519 7.783 6.662 6.481 6.725 6.607 6.544
[3039] 7.871 6.785 7.334 6.665 6.681 6.972 7.141 8.664 6.614 6.328 6.351 8.220 6.603 6.817
[3053] 6.269 7.252 7.920 6.565 7.038 8.209 6.198 6.370 7.558 6.813 6.573 6.469 6.239 6.447
[3067] 7.861 6.581 6.550 6.486 7.430 6.270 6.388 6.770 6.894 6.363 7.343 6.681 6.562 6.536
[3081] 6.914 6.981 6.843 6.192 6.664 6.564 7.868 6.626 6.961 7.010 7.729 6.428 6.505 6.459
[3095] 6.570 6.383 6.464 6.593 7.975 6.919 7.110 6.522 8.424 7.145 6.871 7.741 6.390 7.611
[3109] 6.485 6.595 6.433 6.713 6.623 6.416 7.493 6.491 6.831 7.959 7.061 6.665 7.065 6.740
[3123] 6.597 6.865 7.547 6.535 6.390 6.800 6.401 6.888 6.702 6.464 6.353 6.963 6.487 6.364
[3137] 6.358 6.430 6.762 6.900 6.225 6.676 6.136 6.102 7.096 6.207 6.200 6.209 7.225 6.540
[3151] 7.503 6.719 6.673 6.421 7.098 6.268 6.370 6.348 6.701 6.608 6.249 6.553 6.687 6.782
[3165] 6.295 6.129 6.275 6.799 6.236 6.360 6.160 6.193 5.995 6.132 6.201 6.078 6.999 6.121
[3179] 6.550 6.825 6.498 6.355 6.186 6.631 6.179 6.410 6.315 6.133 6.237 6.241 6.153 6.023
[3193] 7.060 6.293 6.565 6.346 6.376 6.146 6.615 6.222 6.476 6.025 6.534 6.683 7.122 6.083
[3207] 7.510 6.642 6.412 6.983 6.438 6.231 6.171 6.021 6.435 7.173 6.177 6.449 6.236 6.692
[3221] 6.932 6.106 6.059 6.882 6.094 6.818 6.136 6.194 6.881 6.050 6.343 6.228 6.511 6.022
[3235] 7.332 6.121 6.444 6.303 6.219 6.421 7.818 7.934 6.772 6.915 6.940 6.506 6.566 7.133
[3249] 6.764 7.249 6.818 6.898 6.450 6.934 6.850 6.850 6.937 6.266 6.858 6.410 6.694 6.889
[3263] 6.408 6.471 6.700 6.518 6.340 6.405 6.389 7.305 6.442 6.416 6.425 6.738 6.876 6.890
[3277] 6.309 6.323 6.395 6.588 6.570 6.126 6.231 7.020 6.662 6.332 6.699 6.827 6.319 7.651
[3291] 6.707 6.803 6.359 6.757 6.619 6.545 7.077 6.346 6.604 6.664 6.696 6.084 6.298 6.291
[3305] 6.271 6.188 7.346 6.698 6.291 6.243 6.521 6.328 6.162 6.941 6.756 6.340 6.715 6.573
[3319] 6.274 6.569 6.337 6.307 6.678 6.435 7.132 6.441 6.885 6.705 6.480 7.107 7.167 6.486
[3333] 6.221 6.617 6.410 6.747 6.409 6.887 6.533 6.506 6.819 6.845 6.506 6.274 6.481 6.337
[3347] 6.568 6.567 6.296 6.706 6.776 6.442 6.894 6.473 6.621 6.533 6.670 6.503 6.804 7.250
[3361] 7.194 6.477 6.574 6.545 6.831 6.901 6.386 6.779 6.200 6.513 6.328 6.631 6.828 6.543
[3375] 6.557 6.525 6.651 6.885 6.315 6.324 6.577 6.368 7.075 6.651 6.936 6.399 6.358 7.032
[3389] 6.296 6.725 6.628 6.545 6.472 6.114 6.531 6.561 6.297 6.745 6.402 6.524 6.536 7.094
[3403] 6.305 6.369 6.540 6.270 6.343 6.593 6.431 6.996 6.846 6.601 6.333 6.308 6.160 6.307
[3417] 6.333 6.485 6.366 6.443