   0.0000000e+00  -1.2238555e-14   0.0000000e+00   0.0000000e+00   0.0000000e+00   3.6691213e-18
  -1.8639131e-02   4.4672188e-02   2.0758564e-02   1.8932676e-04  -2.6002979e-04  -2.0956037e-04
  -2.4116223e-02   5.4010724e-02  -8.3686458e-03  -2.2226423e-05  -2.4107527e-05  -2.5433642e-04
  -1.2282584e-02   4.6660679e-02   3.1799492e-03   4.3158755e-04   6.6790343e-05  -9.3341802e-05
  -1.6957725e-02   5.5327196e-02   2.4190101e-02   3.0710541e-04   7.4771391e-05  -1.2648894e-04
  -2.3606522e-02   5.8095435e-02  -1.3717510e-02  -3.9764271e-05   1.0992110e-04  -1.9431507e-04
  -1.9026239e-02   5.5069973e-02  -1.4541060e-02   1.1232451e-03   5.1812027e-05  -2.8815410e-04
  -7.2454363e-04   7.7221394e-02   1.1174576e-02   1.2917627e-04   4.5186007e-05   3.0306448e-04
  -1.4461118e-02   8.5895613e-02  -2.5941233e-02   3.6570112e-04   4.7715577e-05   3.8533580e-04
  -1.5207001e-02   6.8490186e-02  -1.7660638e-02   6.5307084e-04   1.1106690e-05   1.1089228e-04
   9.7579345e-04   7.8743349e-02   4.6898447e-03   6.6926950e-04  -1.6982491e-04   3.5664985e-04
   5.1586827e-03   8.2568087e-02   8.0254544e-03   7.0165371e-04  -1.3183503e-04   4.2491801e-04
  -2.8827174e-03   1.0170582e-01  -6.8575398e-02   3.8812134e-05   3.8067777e-04   5.8241698e-04
  -1.1059444e-04   1.1460051e-01  -6.1131412e-02   6.8658504e-04   3.3615541e-04   5.4552135e-04
   2.4433719e-02   8.7643365e-02   5.1808833e-04  -2.2444456e-05  -1.4222214e-04   8.1757930e-04
   3.0111427e-02   6.7200772e-02   3.9990203e-02  -3.5683529e-04  -5.1920709e-04   8.9424601e-04
   2.1001770e-02   6.0979900e-02   3.4432074e-02  -4.4388296e-04  -4.3078612e-04   7.5499284e-04
   1.1366661e-02   3.3736361e-02   7.2176224e-02  -3.6028158e-04  -6.0025815e-04   5.9833033e-04
   2.3655438e-03   3.7826573e-02   8.9352955e-02  -9.5025831e-04  -7.3200858e-04   5.1538178e-04
   3.0056971e-03   2.3538118e-02   1.3316472e-01  -1.0147628e-03  -8.4081194e-04   4.7527885e-04
   1.4831758e-03   1.8540180e-02   1.4540452e-01  -9.9671370e-04  -5.9706437e-04   3.7210018e-04
   1.6601464e-04  -6.4061141e-03   1.7467999e-01  -1.0792779e-03  -6.7801810e-04   2.7759440e-04
   3.7726101e-03   7.4197067e-03   1.6866495e-01  -1.1699975e-03  -8.3758240e-04   4.5347913e-04
   3.1299394e-03   9.7079816e-03   1.8028399e-01  -1.1779667e-03  -7.7798340e-04   3.2386327e-04
   2.1286343e-02   9.3841358e-03   2.2980686e-01  -1.4632301e-03  -1.0852890e-03   5.9016982e-04
   2.8978196e-02   4.0711301e-04   2.3373554e-01  -1.4791756e-03  -1.1053003e-03   5.9031737e-04
   2.2448040e-02  -2.3853332e-03   2.4185395e-01  -1.3427180e-03  -1.1053310e-03   5.1995035e-04
   2.6962400e-02   6.1714383e-03   2.5673454e-01  -1.8460702e-03  -1.2090400e-03   7.7790012e-04
   2.2733391e-02   4.0090949e-04   2.4043187e-01  -1.4612793e-03  -1.0332335e-03   6.1549235e-04
   2.3770693e-02   9.5601159e-03   2.4730882e-01  -1.5988399e-03  -1.0316984e-03   6.4608740e-04
   2.8373579e-02   1.5832229e-02   2.3606476e-01  -1.7030491e-03  -8.9185738e-04   7.9798156e-04
   2.9191207e-02   3.0525991e-02   1.8650961e-01  -2.3483915e-03  -7.8915226e-04   8.1182899e-04
   3.3022353e-02   7.0114764e-03   2.3380043e-01  -2.3162140e-03  -5.1958990e-04   7.3126153e-04
   5.2294021e-02  -1.5801299e-02   3.1753628e-01  -2.8576914e-03  -9.5311421e-04   9.4620953e-04
   3.1345910e-02  -3.8124439e-03   2.8756864e-01  -2.9599330e-03  -1.0453064e-03   6.9695781e-04
   2.6626824e-02  -1.9336370e-02   2.9822383e-01  -2.4268420e-03  -1.1058867e-03   5.7778649e-04
   2.3559246e-02  -2.1961112e-02   2.9478643e-01  -3.0826363e-03  -1.0970472e-03   5.1531427e-04
   1.8757779e-02  -3.9830211e-02   3.0419932e-01  -3.0762355e-03  -1.1484215e-03   5.5154884e-04
   1.2567160e-02  -4.4929883e-02   2.9392441e-01  -3.1075624e-03  -1.1762423e-03   5.1296592e-04
   1.3092743e-02  -3.7414026e-02   2.7896974e-01  -3.2981609e-03  -8.7811854e-04   6.8918779e-04
   6.0968922e-03  -4.1004829e-02   2.8511859e-01  -3.1569591e-03  -1.1466385e-03   5.8655748e-04
  -2.2834005e-03  -4.6945204e-02   2.9674091e-01  -2.7387909e-03  -1.0927308e-03   3.4935432e-04
   1.8796103e-03  -4.4785684e-02   3.0352349e-01  -3.3101819e-03  -1.0610246e-03   4.9520661e-04
   1.7596905e-02  -4.6920987e-02   2.9495827e-01  -3.2671638e-03  -1.0343663e-03   6.1460465e-04
   2.9493882e-02  -2.8229690e-02   2.9417218e-01  -3.0951106e-03  -1.1042586e-03   7.8364729e-04
   2.3142665e-02  -4.9746104e-02   2.9356620e-01  -3.1262347e-03  -1.3098826e-03   8.4416193e-04
   2.6464244e-02  -4.4849146e-02   3.1830611e-01  -3.0883139e-03  -1.1256811e-03   7.1786765e-04
   2.9113977e-02  -4.5691731e-02   3.1644986e-01  -3.4555231e-03  -1.4031840e-03   8.2313772e-04
   9.0497455e-03  -3.5759495e-02   3.1045674e-01  -2.7893383e-03  -1.2786286e-03   4.1431463e-04
   1.7681590e-02  -4.1605263e-02   3.0331027e-01  -2.6922287e-03  -1.2147481e-03   5.0340523e-04
   2.2795586e-02  -5.4132001e-02   3.1954867e-01  -2.6359957e-03  -1.3843858e-03   5.0981045e-04
   2.4672206e-02  -4.5948504e-02   2.9775091e-01  -2.8139201e-03  -1.1794333e-03   5.5701019e-04
   1.6408279e-02  -4.1250419e-02   2.6806171e-01  -2.9853967e-03  -1.3187791e-03   6.5854362e-04
  -4.7851308e-03  -4.7469449e-02   2.7431251e-01  -2.1198079e-03  -1.0112856e-03   2.1012010e-04
   1.1612376e-02  -5.2476069e-02   3.0064504e-01  -2.7088911e-03  -1.2098425e-03   3.8125820e-04
   2.7505842e-02  -3.9710568e-02   2.8171434e-01  -3.0695937e-03  -1.0757650e-03   6.7308301e-04
   3.2015756e-02  -3.7810245e-02   2.3923924e-01  -3.0570936e-03  -1.1436048e-03   7.2508841e-04
   3.6035469e-02  -4.7599864e-02   2.8139353e-01  -2.3661009e-03  -1.4240448e-03   7.3571341e-04
   4.9306846e-02  -5.3624164e-02   2.9662184e-01  -3.2896949e-03  -1.5969747e-03   1.0582853e-03
   3.9038225e-02  -5.7319874e-02   2.6136048e-01  -3.0311773e-03  -1.8158055e-03   9.7333658e-04
   4.6122428e-02  -4.3164288e-02   2.8923840e-01  -3.2286851e-03  -1.8793252e-03   1.0255228e-03
   4.0876620e-02  -4.3333775e-02   2.8846533e-01  -3.2119551e-03  -1.8161175e-03   8.1579561e-04
   2.7188821e-02  -5.9650425e-02   3.0620915e-01  -3.2162030e-03  -1.4230989e-03   6.6363186e-04
   1.8557038e-02  -5.5159920e-02   2.9620609e-01  -3.5234139e-03  -1.6846219e-03   6.0324596e-04
   1.6881550e-02  -5.9134550e-02   2.8821961e-01  -3.2452561e-03  -1.6942024e-03   4.5546986e-04
   2.3773859e-02  -6.0937727e-02   3.1880718e-01  -4.0036913e-03  -1.5366201e-03   7.0579759e-04
   3.5546275e-02  -5.5051835e-02   3.1850548e-01  -3.7356520e-03  -1.1587713e-03   8.5333632e-04
   3.5936873e-02  -5.9941819e-02   3.1575722e-01  -3.4332639e-03  -1.2001708e-03   8.3313344e-04
   3.1291981e-02  -7.8753105e-02   3.5339094e-01  -3.5602633e-03  -1.3840656e-03   6.7830180e-04
   1.7892992e-02  -7.7367980e-02   3.4976403e-01  -3.5265719e-03  -1.2500392e-03   5.4123455e-04
   8.9754791e-03  -7.3262345e-02   3.4287370e-01  -3.6112638e-03  -1.2681751e-03   4.9601327e-04
   2.3440219e-03  -6.9152510e-02   3.4315412e-01  -3.6802669e-03  -1.3207957e-03   3.7237943e-04
  -1.7029289e-03  -7.0869960e-02   3.3490648e-01  -3.7716286e-03  -1.4355584e-03   4.0171944e-04
  -1.2113752e-02  -8.2342701e-02   3.4110933e-01  -3.9357871e-03  -1.4033906e-03   3.5657126e-04
  -1.6093721e-02  -7.5283147e-02   3.2574204e-01  -3.8913478e-03  -1.1079187e-03   3.3293895e-04
  -1.6768412e-02  -6.4585861e-02   3.3634508e-01  -3.5745837e-03  -1.1767526e-03   2.2445060e-04
  -3.5961119e-03  -7.6838051e-02   3.4007653e-01  -3.7068862e-03  -1.1902758e-03   4.0289686e-04
   1.0858372e-02  -7.2770974e-02   3.6847589e-01  -3.7013550e-03  -8.9215417e-04   4.4570582e-04
   3.7825511e-02  -9.0478937e-02   3.8586321e-01  -3.9135263e-03  -1.3719057e-03   7.4593325e-04
   3.6836362e-02  -8.5959973e-02   3.8058598e-01  -3.8732939e-03  -1.1760187e-03   7.7499429e-04
   4.1834664e-02  -8.8128970e-02   3.8190956e-01  -3.7225658e-03  -1.4204512e-03   9.0774777e-04
   2.8336370e-02  -9.9638144e-02   3.9055490e-01  -4.0174052e-03  -1.5732320e-03   7.2542457e-04
   2.4074430e-02  -7.4750156e-02   3.8362940e-01  -4.3514924e-03  -1.6556812e-03   7.7064324e-04
   1.1910254e-02  -7.9198677e-02   3.8442672e-01  -4.4264347e-03  -1.7785452e-03   6.2801541e-04
   2.2084409e-02  -7.4394249e-02   3.7542685e-01  -4.2918650e-03  -1.5751045e-03   6.4973842e-04
   2.9612514e-02  -6.1451186e-02   3.6835201e-01  -4.0154436e-03  -1.6043002e-03   8.2107490e-04
   1.8153465e-02  -6.6935528e-02   3.7502149e-01  -4.3603310e-03  -1.4108650e-03   6.1766929e-04
   1.5560420e-02  -6.9575770e-02   3.7186277e-01  -3.8049077e-03  -1.2420851e-03   5.5001792e-04
   3.1595635e-02  -7.9569251e-02   3.9077728e-01  -4.0014687e-03  -1.4809652e-03   7.4594857e-04
   2.6153569e-02  -8.8752682e-02   4.0773648e-01  -3.9567095e-03  -1.4808434e-03   8.3714186e-04
   3.6078323e-02  -8.5146632e-02   4.0525335e-01  -4.0759132e-03  -1.5642968e-03   9.5479914e-04
   3.2370634e-02  -9.4529335e-02   3.9941980e-01  -3.7467532e-03  -1.6569828e-03   7.7566824e-04
   4.6270226e-02  -1.0237771e-01   4.0207214e-01  -4.0250648e-03  -1.6488060e-03   8.7059691e-04
   5.0750485e-02  -9.5388787e-02   4.2134170e-01  -4.2080784e-03  -1.7395062e-03   1.0115264e-03
   4.4107687e-02  -8.5147318e-02   3.9307628e-01  -4.1685709e-03  -1.7773827e-03   9.0375911e-04
   4.3805808e-02  -7.7492962e-02   3.6373984e-01  -3.8635946e-03  -1.5877737e-03   8.1019038e-04
   2.8062870e-02  -1.0690400e-01   3.6776099e-01  -3.5992114e-03  -1.7720522e-03   7.2502447e-04
   2.2009507e-02  -9.4068413e-02   3.5729795e-01  -3.8821138e-03  -1.5810233e-03   8.6030274e-04
   2.8920163e-02  -9.1149751e-02   3.5798442e-01  -3.6494629e-03  -1.6306577e-03   8.3423319e-04
   4.1453136e-02  -7.9838327e-02   3.6880585e-01  -3.6628133e-03  -1.6745248e-03   1.3511906e-03
   1.1450000e-02  -7.6714948e-02   3.5316056e-01  -3.6908834e-03  -1.5366825e-03   8.0372699e-04
  -5.2156756e-03  -7.8108581e-02   3.5251958e-01  -3.0534735e-03  -1.6220526e-03   5.6025686e-04
   1.5506195e-04  -6.4755686e-02   3.6088711e-01  -3.2778122e-03  -1.8618012e-03   5.7359938e-04
   2.4528481e-02  -7.3924431e-02   3.6410685e-01  -3.5898825e-03  -1.6772084e-03   8.8610840e-04
   4.2855203e-02  -8.9983941e-02   3.8100699e-01  -3.6844301e-03  -1.7547647e-03   1.0724839e-03
   4.2055694e-02  -8.4579349e-02   3.6149741e-01  -3.9904933e-03  -1.8150776e-03   9.4292967e-04
   4.8504814e-02  -9.4313598e-02   3.8156042e-01  -3.8392626e-03  -1.9325823e-03   1.1305920e-03
   4.4002915e-02  -9.3472119e-02   3.6924060e-01  -3.9267722e-03  -1.8651941e-03   1.1074698e-03
   4.1122697e-02  -9.8519458e-02   3.7342696e-01  -4.2251133e-03  -2.1838388e-03   1.1302625e-03
   2.6226976e-02  -8.5350081e-02   3.3681675e-01  -3.9703457e-03  -2.0729411e-03   8.9791340e-04
   3.2990749e-02  -7.7334467e-02   3.3382990e-01  -4.1197677e-03  -1.8439247e-03   9.0107675e-04
   2.8287359e-02  -8.7998360e-02   3.7860107e-01  -3.9657041e-03  -2.0144508e-03   7.8234450e-04
   3.0539557e-02  -9.9090636e-02   3.4472728e-01  -4.0320748e-03  -2.0134338e-03   9.1249403e-04
   3.1632185e-02  -1.0004107e-01   3.2203797e-01  -3.2938019e-03  -1.9650176e-03   8.0098629e-04
   3.2593977e-02  -1.0142292e-01   3.6714111e-01  -4.0420527e-03  -2.0784976e-03   9.6929985e-04
   3.2107548e-02  -1.0319165e-01   3.6098091e-01  -3.8151001e-03  -1.8276658e-03   8.2434664e-04
   3.9458810e-02  -1.0873140e-01   3.7042615e-01  -3.9876815e-03  -1.8060690e-03   9.6477713e-04
   3.6238073e-02  -1.0070118e-01   3.4765482e-01  -3.8168275e-03  -2.0255468e-03   9.0319858e-04
   3.4858274e-02  -8.2039031e-02   3.3864050e-01  -3.8933533e-03  -1.9265122e-03   9.7761728e-04
   2.9297995e-02  -9.4201593e-02   3.1853530e-01  -3.9545238e-03  -2.1673317e-03   8.7509045e-04
   3.4537196e-02  -9.4035353e-02   3.0613491e-01  -3.6903954e-03  -1.8750442e-03   1.0108661e-03
   2.5858658e-02  -9.2543927e-02   3.3275052e-01  -3.4769029e-03  -1.9912055e-03   9.1094888e-04
   1.6272497e-02  -1.0202223e-01   3.0105762e-01  -3.8200461e-03  -2.1297746e-03   8.9122980e-04
   2.5369185e-02  -9.7798879e-02   3.0533848e-01  -3.5299076e-03  -1.9134074e-03   9.8179141e-04
   3.0725524e-02  -9.1869850e-02   2.9549914e-01  -3.9319707e-03  -2.0002939e-03   9.5745495e-04
   4.3897228e-02  -8.7651001e-02   3.0341288e-01  -3.8615481e-03  -1.8244737e-03   1.1714454e-03
   4.1017885e-02  -9.2862066e-02   3.0566849e-01  -3.8986884e-03  -2.0465916e-03   1.1414780e-03
   2.1939932e-02  -9.0201365e-02   2.8298622e-01  -3.8350724e-03  -2.0748217e-03   9.5396279e-04
   3.0923197e-02  -8.8550333e-02   2.9163363e-01  -3.9325795e-03  -1.9485598e-03   9.9035065e-04
   3.1525187e-02  -9.2951900e-02   3.1789879e-01  -3.7144718e-03  -1.8181997e-03   9.6929797e-04
   3.2186718e-02  -1.0108559e-01   3.0186335e-01  -4.0816556e-03  -1.9837808e-03   9.7709009e-04
   4.4379746e-02  -9.5519766e-02   3.5044754e-01  -4.3521877e-03  -2.0506320e-03   1.0306347e-03
   5.3291768e-02  -1.0483021e-01   3.4151375e-01  -4.5055328e-03  -1.8477898e-03   1.1294851e-03
   4.5285648e-02  -1.0589437e-01   3.0929616e-01  -4.5216556e-03  -1.7527646e-03   1.0315529e-03
   5.0204481e-02  -9.7794543e-02   3.0758568e-01  -4.3885922e-03  -1.7258145e-03   1.1161263e-03
   2.2011408e-02  -1.0068305e-01   2.7593991e-01  -4.0333681e-03  -1.9405406e-03   8.9026849e-04
   2.9023198e-02  -8.1909009e-02   3.0741971e-01  -4.4845734e-03  -2.0824374e-03   8.6335971e-04
   1.2671057e-02  -9.1340248e-02   2.9520188e-01  -4.3186126e-03  -1.8873602e-03   8.1938453e-04
  -9.0198415e-05  -9.6333941e-02   2.7354003e-01  -3.8776534e-03  -1.6390280e-03   6.1978616e-04
  -1.9356946e-02  -8.1167389e-02   2.5203421e-01  -3.7992383e-03  -1.7169238e-03   4.0304807e-04
  -1.7381858e-02  -7.4131986e-02   2.3092109e-01  -3.9247635e-03  -1.9167662e-03   5.1764299e-04
  -1.2003808e-02  -8.3246102e-02   2.4450138e-01  -4.0360201e-03  -1.8449050e-03   6.1412317e-04
  -1.1434744e-02  -9.3479152e-02   2.5820632e-01  -4.0480189e-03  -1.9199672e-03   6.1968690e-04
   3.4874624e-03  -6.6519350e-02   2.4286724e-01  -3.9464043e-03  -1.8871210e-03   7.9336417e-04
   1.4819312e-02  -5.2781183e-02   2.4338316e-01  -4.2960276e-03  -2.2144946e-03   9.5069881e-04
   1.7777940e-02  -6.5190989e-02   2.4041930e-01  -4.1525421e-03  -2.2513327e-03   9.8417427e-04
   3.2224224e-02  -5.6612630e-02   2.1707740e-01  -3.9058855e-03  -2.3913745e-03   1.2703027e-03
   2.9256647e-02  -5.6254630e-02   2.1799056e-01  -3.6221635e-03  -2.5201240e-03   1.2197102e-03
   1.5685337e-02  -4.6950439e-02   2.1703515e-01  -4.0539188e-03  -2.4804130e-03   1.0028670e-03
   2.9635105e-02  -4.9832172e-02   1.9221843e-01  -4.0262603e-03  -2.3379290e-03   1.1883965e-03
   3.7078682e-02  -3.9032432e-02   1.7270262e-01  -4.0137442e-03  -2.1242081e-03   1.3512795e-03
   2.2087017e-02  -4.8884800e-02   1.7312399e-01  -3.8959076e-03  -2.2016491e-03   1.1402040e-03
   1.8849912e-02  -4.5292723e-02   1.8461200e-01  -3.6618439e-03  -2.0963713e-03   1.0627121e-03
   1.2981414e-02  -5.9190848e-02   2.0869738e-01  -3.6965771e-03  -2.1420107e-03   9.3203437e-04
   1.8762319e-02  -6.3352654e-02   2.1530294e-01  -3.4204502e-03  -2.5111809e-03   8.7935498e-04
   2.9810822e-02  -7.0009387e-02   2.2598252e-01  -4.2344348e-03  -2.4375476e-03   1.1406456e-03
   3.0564886e-02  -6.9219409e-02   1.8330187e-01  -4.0722710e-03  -2.2385288e-03   1.1895644e-03
   4.6177392e-02  -6.2846295e-02   1.4679986e-01  -4.1054909e-03  -2.1519401e-03   1.3965498e-03
   5.3810206e-02  -5.3075978e-02   1.4498478e-01  -3.7752775e-03  -1.9167796e-03   1.4806980e-03
   5.5650571e-02  -5.3367073e-02   1.5783990e-01  -3.6348048e-03  -2.0051088e-03   1.4922553e-03
   4.9330414e-02  -6.0178274e-02   1.7975870e-01  -3.9865767e-03  -2.3117627e-03   1.4419498e-03
   4.2352767e-02  -7.4101849e-02   1.8283215e-01  -4.3828308e-03  -2.2438621e-03   1.4419248e-03
   3.4728697e-02  -6.5674290e-02   1.7889771e-01  -3.9907158e-03  -2.0909215e-03   1.4485967e-03
   2.2855614e-02  -7.3838534e-02   2.0306720e-01  -3.9522448e-03  -2.1091263e-03   1.1315770e-03
   3.3783786e-02  -5.9493220e-02   1.8207140e-01  -4.2049226e-03  -1.8701815e-03   1.3520839e-03
   4.6738928e-02  -5.0370485e-02   1.7684459e-01  -3.8903339e-03  -1.8020120e-03   1.3805618e-03
   6.0287070e-02  -5.0613167e-02   2.0529874e-01  -4.1301515e-03  -2.0214460e-03   1.5231117e-03
   5.5486841e-02  -5.6704460e-02   2.0361897e-01  -3.9081495e-03  -1.7790307e-03   1.5892188e-03
   4.9146318e-02  -6.5428622e-02   2.1932482e-01  -3.5117172e-03  -1.6668437e-03   1.5783947e-03
   4.6280195e-02  -5.5262905e-02   2.0503094e-01  -3.5614737e-03  -1.5879018e-03   1.6458749e-03
   2.8642798e-02  -5.5321699e-02   1.9674576e-01  -3.3026995e-03  -1.4439674e-03   1.5298605e-03
   2.9941018e-02  -6.2760766e-02   1.8408589e-01  -3.4439352e-03  -1.1723249e-03   1.3683265e-03
   4.5324552e-02  -6.0469918e-02   1.8302932e-01  -3.4380032e-03  -1.7569512e-03   1.8937715e-03
   3.8459619e-02  -6.4991740e-02   1.7989254e-01  -4.0312568e-03  -1.2911089e-03   1.5643003e-03
   5.0085183e-02  -6.9588541e-02   1.8382611e-01  -3.7986077e-03  -1.6645361e-03   1.6855420e-03
   3.7086330e-02  -6.2230430e-02   1.7161050e-01  -3.6185336e-03  -1.6116535e-03   1.5669669e-03
   3.1745871e-02  -6.1490843e-02   1.7099551e-01  -3.7596322e-03  -1.7944386e-03   1.4619512e-03
   3.7890764e-02  -6.0042604e-02   1.7193068e-01  -3.6058169e-03  -1.6709033e-03   1.4478175e-03
   5.4805420e-02  -5.5824172e-02   1.6812635e-01  -3.4627019e-03  -1.4020861e-03   1.7129950e-03
   5.8816698e-02  -6.1323361e-02   1.8320289e-01  -3.5046790e-03  -1.6405279e-03   1.6454831e-03
   4.7557541e-02  -5.6274151e-02   1.6478444e-01  -3.5673965e-03  -1.2746723e-03   1.6333793e-03
   3.7632970e-02  -6.2810648e-02   1.7219364e-01  -3.5771484e-03  -1.3407815e-03   1.5411904e-03
   2.7401329e-02  -4.8924653e-02   1.3831689e-01  -2.9130346e-03  -1.2127165e-03   1.4928784e-03
   1.2483568e-02  -5.3421003e-02   1.4460216e-01  -3.0400621e-03  -1.6220392e-03   1.2717572e-03
   1.8037644e-02  -5.6552926e-02   1.6567202e-01  -3.0013524e-03  -1.4437434e-03   1.2954622e-03
  -8.4487866e-03  -6.2515071e-02   1.7011916e-01  -3.2192592e-03  -1.4124029e-03   7.4683647e-04
  -7.6729205e-03  -8.2380713e-02   1.5917459e-01  -3.1264835e-03  -1.3772364e-03   7.4897753e-04
  -1.0070102e-02  -7.6597568e-02   1.7523403e-01  -3.1692016e-03  -1.0677658e-03   7.3920562e-04
   2.8380014e-02  -9.9016082e-02   1.2013954e-01  -3.9827520e-03  -8.6288570e-04   1.4612599e-03
   4.4751220e-02  -8.1011974e-02   1.9018709e-01  -2.4779954e-03  -1.5029928e-03   1.9417607e-03
   6.2526934e-02  -9.2086443e-02   1.9895413e-01  -2.2582984e-03  -1.0863503e-03   1.9564015e-03
   3.9640334e-02   5.3442448e-02  -2.9325558e-01   4.0069204e-03  -2.8603794e-04   8.1235940e-04
  -2.8579079e-03  -3.4986846e-03  -2.8729347e-01   2.2392471e-03  -9.3919067e-04   3.6829551e-04
  -4.0126655e-02   1.0294048e-02  -2.2271434e-01   6.7503510e-04  -1.0640717e-03   3.8815825e-05
  -4.9986382e-02  -5.6291920e-04  -2.2462055e-01   1.4085234e-04  -6.4892638e-04   1.4917257e-04
  -2.9998955e-02  -9.3725814e-03  -1.6372566e-01  -1.1508135e-04  -6.8281344e-04   3.8933458e-04
  -3.3269644e-02  -5.1612035e-03  -1.5439363e-01   5.0013670e-05  -1.0830311e-03   2.1682620e-04
  -2.6036204e-02  -3.1301399e-02  -8.2930628e-02  -9.5328366e-04  -1.2115346e-03   5.2877266e-04
  -1.5132417e-02  -5.1569233e-02  -4.7237475e-02  -8.9149022e-04  -9.1260104e-04   5.8556469e-04
  -1.1133837e-02  -6.1574799e-02  -5.0361464e-02  -1.4106510e-03  -6.4074086e-04   6.9067169e-04
  -6.9148618e-03  -6.4114852e-02  -1.9711004e-02  -1.9678056e-03  -7.0005805e-04   7.1875550e-04
   3.3622188e-03  -6.4582344e-02  -1.7829325e-02  -1.5492379e-03  -9.4661655e-04   1.0514435e-03
   2.6164932e-03  -5.2550125e-02  -1.6038860e-02  -1.9864244e-03  -9.3010551e-04   8.4499532e-04
  -3.6249210e-03  -4.7258059e-02  -2.1506610e-02  -2.1897993e-03  -6.0031557e-04   7.4029934e-04
   1.4183620e-02  -6.4638175e-02   4.6888276e-03  -2.2281471e-03  -1.0858644e-03   7.7631972e-04
   1.7195558e-02  -8.5103666e-02   2.3229992e-02  -2.3325995e-03  -1.1281564e-03   8.1283642e-04
   1.0122847e-02  -8.6741122e-02   1.4121003e-02  -2.4191545e-03  -1.2410296e-03   7.3686378e-04
   1.1128823e-02  -6.2204114e-02   1.6635957e-03  -2.1699486e-03  -8.0052433e-04   6.9148695e-04
   1.2967761e-02  -7.2751959e-02   1.2974802e-02  -1.9043230e-03  -6.2283503e-04   5.6666745e-04
   1.6951762e-02  -5.6716967e-02  -1.5441782e-02  -2.0348219e-03  -3.5189410e-04   7.6512437e-04
   1.7761395e-02  -6.2054973e-02  -4.0358142e-02  -2.1534657e-03   9.5059540e-06   6.0650415e-04
   9.1936260e-03  -4.7536001e-02  -8.1316597e-02  -2.0622333e-03   3.2498414e-04   7.5415096e-04
   3.7465046e-03  -5.2052475e-02  -7.0162113e-02  -1.6274631e-03  -2.0138832e-04   4.9135710e-04
  -6.3980193e-03  -6.4193394e-02  -5.9897291e-02  -1.6443424e-03  -1.9789848e-05   2.2039845e-04
   1.1434828e-02  -6.8790561e-02  -6.9579102e-02  -1.3023670e-03  -3.0739286e-04   5.8644706e-04
   1.5744934e-02  -6.6472224e-02  -3.8249522e-02  -1.7196813e-03  -4.9953719e-04   6.1754732e-04
   1.6597417e-02  -8.4539766e-02  -4.6738097e-02  -2.1677079e-03  -7.2857514e-04   5.1433388e-04
   2.6606657e-03  -7.0744659e-02  -6.8011769e-02  -1.9563691e-03  -3.1568981e-04   3.1430043e-04
   1.1980506e-02  -7.9896470e-02  -3.3581055e-02  -1.9254079e-03  -6.6698792e-04   4.4055212e-04
  -1.7727296e-03  -8.2988594e-02  -6.1871296e-02  -2.1642489e-03  -7.2057990e-04   3.3982976e-04
  -1.6708615e-04  -7.3935562e-02  -7.9765440e-02  -1.8305152e-03  -6.1928839e-04   2.9436216e-04
  -4.4040086e-03  -7.8578793e-02  -7.0148538e-02  -2.0281813e-03  -3.1414704e-04   1.2933869e-04
  -7.7400458e-03  -6.5861469e-02  -8.5754948e-02  -1.5911984e-03  -8.0123774e-05   7.2170124e-05
  -1.0638738e-02  -7.2675765e-02  -7.2139928e-02  -1.3951104e-03  -3.0459265e-04  -3.5270620e-05
  -1.2289954e-02  -7.6864336e-02  -7.1829302e-02  -1.5544838e-03  -4.2780981e-04   1.2508284e-04
  -3.3439821e-02  -1.0024092e-01  -5.3488501e-02  -1.7989525e-03  -6.0801899e-04  -1.6973784e-04
  -4.1445678e-02  -8.0527838e-02  -7.3174414e-02  -1.7580753e-03  -5.5516604e-04  -3.4790599e-04
  -4.6339780e-02  -6.0976821e-02  -1.0291534e-01  -1.8364576e-03  -2.5624575e-04  -3.8412602e-04
  -2.4485995e-02  -6.6062871e-02  -9.9858958e-02  -1.6680785e-03  -5.9800783e-04   5.6835482e-06
  -1.7859034e-02  -7.0350770e-02  -8.2046480e-02  -1.9430558e-03  -6.6250410e-04  -1.0106418e-04
  -3.1886246e-03  -9.6968937e-02  -2.7757151e-02  -1.8868328e-03  -6.6621767e-04   5.2802454e-05
  -1.4157906e-02  -9.2494827e-02  -7.4195001e-02  -2.1632232e-03  -5.2637483e-04  -2.2590872e-06
  -2.2591595e-02  -6.5006968e-02  -7.9707073e-02  -2.0864615e-03   5.8693242e-05  -1.9470864e-04
  -2.5397406e-02  -6.9912288e-02  -6.7783198e-02  -1.8634610e-03  -5.0912388e-05  -2.8468196e-04
  -2.5725831e-02  -7.4352327e-02  -5.1795258e-02  -1.8407026e-03  -1.4802261e-04  -2.1207862e-04
  -2.1670634e-02  -9.2463659e-02  -4.0244675e-02  -2.2866539e-03  -4.8893578e-04  -2.0414767e-05
  -5.0094448e-02  -9.6305611e-02  -7.7354633e-02  -1.7724175e-03  -5.4128655e-04  -4.6647653e-04
  -4.8912374e-02  -8.8733981e-02  -9.5239347e-02  -1.6125751e-03  -3.1431161e-04  -5.5384106e-04
  -4.8398326e-02  -8.5644460e-02  -7.9373549e-02  -1.6232767e-03  -4.0063542e-04  -7.2577715e-04
  -5.1214746e-02  -1.0262417e-01  -5.9555560e-02  -1.6497158e-03  -2.0706323e-04  -8.2862787e-04
  -3.0577655e-02  -1.0360617e-01  -2.4816133e-02  -1.2059098e-03   1.2527934e-04  -9.1094560e-04
  -4.0609647e-02  -1.1348492e-01  -3.8978153e-02  -1.4432345e-03   3.5663938e-04  -1.0181733e-03
  -3.7960165e-02  -1.1439573e-01  -6.6150420e-02  -9.0979622e-04  -1.5568182e-04  -5.6922084e-04
  -5.6563324e-02  -9.9739816e-02  -6.1739607e-02  -1.1672027e-03   7.3132794e-05  -8.7314647e-04
  -5.6819180e-02  -7.6953934e-02  -7.5719339e-02  -1.3547597e-03   3.8988699e-04  -1.2046554e-03
  -4.5226091e-02  -9.7672473e-02  -5.5098740e-02  -1.3741421e-03   2.9883617e-04  -9.3415683e-04
  -4.8672917e-02  -1.1121725e-01  -7.8041428e-02  -1.5029986e-03   3.1502328e-04  -1.0442495e-03
  -4.9556158e-02  -9.5467033e-02  -7.0294780e-02  -1.4956470e-03   6.9672975e-04  -1.0949559e-03
  -4.7101923e-02  -1.2131844e-01  -2.3246031e-02  -1.6718816e-03   1.9268181e-04  -1.2597425e-03
  -4.2291109e-02  -1.1512317e-01  -8.5977791e-03  -1.6803062e-03  -1.9276064e-04  -1.1134702e-03
  -4.9475372e-02  -1.0914920e-01  -1.9950067e-02  -1.6230659e-03   8.6248656e-05  -1.1625079e-03
  -5.6358113e-02  -1.2648165e-01  -4.3548141e-02  -1.4646947e-03   2.2406180e-05  -1.3088904e-03
  -5.3320033e-02  -1.2656894e-01  -3.7641218e-02  -1.5553650e-03   6.2478842e-04  -1.3254352e-03
  -4.0690341e-02  -1.2768447e-01  -1.5644170e-02  -1.4521309e-03   2.9480437e-04  -1.2004359e-03
  -4.6757814e-02  -1.2479530e-01  -2.9778459e-02  -1.9816896e-03   2.8797596e-04  -1.0316318e-03
  -4.4176276e-02  -1.2678451e-01  -4.5114120e-02  -1.9879096e-03   4.4167030e-04  -1.1011558e-03
  -3.3606572e-02  -1.2202934e-01  -3.5803272e-02  -1.6345007e-03   2.6154927e-04  -8.4613881e-04
  -4.1557902e-02  -1.2288273e-01  -1.4109646e-02  -1.9903674e-03   6.1294427e-04  -1.2117755e-03
  -3.5423749e-02  -1.2391049e-01   3.1338573e-03  -2.3036879e-03   4.9494248e-04  -9.4264733e-04
  -3.3825741e-02  -1.2598130e-01   1.7211633e-03  -2.2492301e-03   4.8576034e-04  -1.0446394e-03
  -3.2259521e-02  -1.3961285e-01   6.1728269e-03  -1.6891885e-03   4.6757078e-04  -1.1201806e-03
  -5.2292507e-02  -1.4012325e-01  -6.6400465e-03  -2.0966475e-03   6.9695152e-04  -1.2995343e-03
  -6.2736641e-02  -1.4764456e-01   7.8951397e-03  -1.8791020e-03   6.9110450e-04  -1.4414494e-03
  -6.3288938e-02  -1.6043917e-01   8.6750873e-03  -1.7954988e-03   7.7450682e-04  -1.5783627e-03
  -6.6366028e-02  -1.6248689e-01   1.9100028e-02  -1.8861402e-03   4.6283261e-04  -1.5365070e-03
  -6.3386981e-02  -1.6049529e-01   2.8283643e-02  -1.9046672e-03   6.9948581e-04  -1.5934912e-03
  -6.9304998e-02  -1.5239272e-01   3.8953615e-02  -1.6562538e-03   6.6683454e-04  -1.8173983e-03
  -6.6913772e-02  -1.5341501e-01   2.0173545e-02  -1.7865531e-03   4.3779284e-04  -1.8158564e-03
  -6.5760070e-02  -1.4082637e-01   4.1519691e-04  -1.5758233e-03   3.3521633e-04  -1.6061876e-03
  -7.0025990e-02  -1.4300352e-01   3.3359571e-02  -1.4482007e-03  -1.3350662e-04  -1.7042972e-03
  -7.7050951e-02  -1.1774535e-01   7.9233021e-03  -9.3562916e-04  -5.8564561e-05  -1.9311708e-03
  -8.2950650e-02  -1.2601477e-01   1.2550065e-02  -1.4776036e-03  -6.1040961e-05  -1.8803665e-03
  -8.9327913e-02  -1.4032314e-01   4.3859534e-02  -2.0569433e-03  -2.4436563e-04  -1.8656763e-03
  -9.3561645e-02  -1.3982286e-01   2.3397533e-02  -1.8219617e-03  -1.3257896e-04  -1.9445861e-03
  -9.1718509e-02  -1.4451689e-01  -5.4441574e-03  -1.9337711e-03  -2.9246008e-04  -1.9360524e-03
  -8.4118284e-02  -1.3550507e-01   8.2064113e-03  -1.5784592e-03   1.1057307e-04  -1.9056263e-03
  -8.1908725e-02  -1.4573898e-01   4.1489383e-02  -1.8994461e-03   5.4663464e-05  -2.0032859e-03
  -1.0918636e-01  -1.4258964e-01   2.4498535e-02  -1.6102377e-03   2.4663268e-04  -2.1225088e-03
  -1.1395313e-01  -1.5164740e-01   3.6392922e-02  -1.4896661e-03   4.0734091e-04  -2.3967967e-03
  -1.1304083e-01  -1.6023099e-01   2.9536367e-02  -1.3805335e-03   2.4370070e-04  -2.3462221e-03
  -1.1502466e-01  -1.4336669e-01   1.2669531e-02  -1.2345550e-03   3.6075575e-04  -2.3790700e-03
  -9.6494501e-02  -1.3589596e-01   2.8329988e-02  -1.3394726e-03   3.1269765e-04  -2.2351643e-03
  -8.6187743e-02  -1.5267479e-01   4.2234894e-02  -1.5639050e-03   5.0450172e-04  -1.9787291e-03
  -7.7006404e-02  -1.6467623e-01   7.5846381e-02  -2.0382394e-03   2.7754230e-04  -1.9222098e-03
  -6.7900074e-02  -1.5603322e-01   5.0927808e-02  -1.9833898e-03   1.9666207e-04  -1.7532518e-03
  -5.9513238e-02  -1.5454820e-01   3.5586310e-02  -2.4880211e-03   2.2103164e-04  -1.6812574e-03
  -4.8046725e-02  -1.5487581e-01   5.5096881e-02  -2.1887582e-03   2.9152613e-04  -1.5212092e-03
  -4.6996411e-02  -1.5643690e-01   6.6154465e-02  -2.8393626e-03   3.0363969e-04  -1.4506012e-03
  -6.4090335e-02  -1.5778502e-01   6.3663456e-02  -2.4627750e-03   2.9175386e-04  -1.5310372e-03
  -6.9348182e-02  -1.5569712e-01   6.1127504e-02  -2.6288544e-03   5.1725371e-04  -1.7350479e-03
  -8.2354500e-02  -1.7447200e-01   5.8752767e-02  -2.3883864e-03   4.5691806e-04  -1.8395853e-03
  -9.5710092e-02  -1.5270096e-01  -2.1892284e-02  -2.2735149e-03   5.4339495e-04  -1.9041138e-03
  -8.9475158e-02  -1.3986266e-01  -2.5422405e-02  -2.0333625e-03   1.9484320e-04  -1.8439506e-03
  -9.5546206e-02  -1.4868245e-01  -1.5498529e-02  -2.2787676e-03   4.6792271e-04  -2.0264986e-03
  -1.1122669e-01  -1.4985707e-01  -1.6793691e-04  -2.3171231e-03   1.9292757e-04  -2.2474101e-03
  -1.0690285e-01  -1.4294633e-01  -1.7631778e-03  -2.1392405e-03   5.1987959e-04  -2.2557469e-03
  -9.9867984e-02  -1.4786275e-01   1.5700342e-02  -1.7287022e-03   6.5216810e-04  -2.1675671e-03
  -9.2765708e-02  -1.5942645e-01   3.4930136e-02  -2.3092985e-03   4.7702396e-04  -1.8550646e-03
  -7.9171593e-02  -1.6246287e-01   3.6265661e-02  -2.3086620e-03   1.0789717e-04  -1.9151448e-03
  -8.7165648e-02  -1.5410296e-01   3.5726657e-02  -2.5764420e-03   1.9716746e-04  -1.8651481e-03
  -8.7186932e-02  -1.4513480e-01   1.3109507e-02  -2.1908903e-03   1.7871345e-04  -1.8911232e-03
  -9.1077849e-02  -1.4797152e-01   7.8588480e-03  -2.0419789e-03   1.4642767e-04  -2.0678302e-03
  -1.0239112e-01  -1.4441682e-01  -1.0985623e-02  -2.0704683e-03   1.4058983e-04  -2.1010203e-03
  -9.0937220e-02  -1.4391018e-01   1.7065343e-02  -2.2917078e-03   1.9419099e-05  -1.9015181e-03
  -1.0012389e-01  -1.2414957e-01   2.9892104e-02  -2.3426454e-03  -2.5685711e-05  -2.0486919e-03
  -1.1334846e-01  -1.4058633e-01   2.8247042e-02  -1.6001359e-03   5.6659106e-05  -2.2036631e-03
  -1.2622799e-01  -1.3155166e-01   1.9782867e-02  -1.8404399e-03  -7.7040141e-05  -2.3448482e-03
  -1.4417334e-01  -1.2455966e-01  -5.1595155e-03  -1.6680255e-03   3.0297771e-05  -2.4444941e-03
  -1.4191189e-01  -1.1331064e-01  -1.5548750e-02  -1.5634334e-03  -4.0859240e-04  -2.3035253e-03
  -1.4378558e-01  -1.1925062e-01   1.7008136e-02  -1.6667607e-03  -1.5049264e-04  -2.4744964e-03
  -1.4294656e-01  -1.1909913e-01   3.0656082e-02  -2.0868932e-03  -3.2961869e-04  -2.3718529e-03
  -1.3362031e-01  -1.1110112e-01   4.1738513e-02  -2.2861629e-03  -3.9174960e-04  -2.5333614e-03
  -1.3612427e-01  -1.3661601e-01   2.8752368e-02  -2.5363843e-03  -3.8556626e-04  -2.4517919e-03
  -1.4092946e-01  -1.3065732e-01   3.2433650e-02  -2.8938677e-03  -4.6515753e-04  -2.4847380e-03
  -1.7108426e-01  -1.2883585e-01   2.1261585e-02  -2.5630923e-03   1.1176650e-04  -2.6011598e-03
  -1.7152568e-01  -1.2568793e-01   2.1241132e-03  -2.5363312e-03  -1.1556781e-04  -2.6639009e-03
  -1.8346840e-01  -1.3072705e-01  -2.5676965e-03  -2.3648303e-03  -2.2004612e-04  -2.7489896e-03
  -1.7425933e-01  -1.2886045e-01   2.0387647e-02  -2.4087176e-03  -7.9097703e-05  -2.5540416e-03
  -1.9034681e-01  -1.2704593e-01   7.4440806e-02  -2.5252648e-03  -4.2568733e-04  -2.9483841e-03
  -2.0119772e-01  -1.2376423e-01   7.5419115e-02  -2.6009442e-03  -2.7893422e-04  -3.1865896e-03
  -1.9797816e-01  -1.2735735e-01   8.3609236e-02  -2.4603415e-03  -1.9638470e-04  -3.1011772e-03
  -1.8583060e-01  -1.0796738e-01   5.7743370e-02  -2.5936381e-03  -3.5777297e-04  -2.9007130e-03
  -1.8089679e-01  -1.0470565e-01   6.9025476e-02  -1.8113071e-03  -4.8239639e-04  -3.0074844e-03
  -1.7516438e-01  -1.1318495e-01   7.2319792e-02  -2.4946042e-03  -5.7530325e-04  -2.8456896e-03
  -1.7230316e-01  -1.0722994e-01   4.0258017e-02  -2.5298956e-03  -3.6343349e-04  -2.7464931e-03
  -1.8393245e-01  -1.1558561e-01   6.6932277e-02  -2.5978384e-03  -1.4805707e-04  -2.9085641e-03
  -1.8156292e-01  -1.2154541e-01   6.1182079e-02  -2.5669418e-03  -1.3765673e-04  -3.0101830e-03
  -1.7666133e-01  -1.2730113e-01  -2.8598469e-04  -1.8122773e-03  -4.8317922e-04  -2.7771793e-03
  -1.6065785e-01  -9.6360409e-02   3.8455547e-02  -2.3260396e-03  -4.3492884e-04  -2.7087553e-03
  -1.5483662e-01  -9.6443502e-02   2.0982466e-02  -2.3741317e-03  -7.1725812e-05  -2.5475299e-03
  -1.4653677e-01  -9.7216212e-02   3.6313835e-02  -2.7068458e-03  -7.6660400e-04  -2.1837319e-03
  -1.6990945e-01  -1.2126278e-01  -1.6870664e-02  -2.9322182e-03  -5.1295345e-04  -2.5345366e-03
  -1.6443278e-01  -1.1820085e-01   1.9172415e-02  -2.6648452e-03  -6.6287791e-04  -2.3777639e-03
  -1.7440118e-01  -8.6693095e-02  -1.2719614e-02  -1.6125503e-03  -8.2806516e-04  -2.6860114e-03
  -1.7543215e-01  -8.6384943e-02  -8.0843159e-02  -2.3646751e-03  -1.3574530e-03  -2.4984187e-03
  -1.9556190e-01  -9.6433547e-02  -5.7922206e-02  -2.5425524e-03  -9.8379619e-04  -2.7674176e-03
  -1.9377557e-01  -8.8499581e-02  -1.6374132e-01  -2.2901698e-03  -1.0605240e-03  -2.6531242e-03
  -1.8408809e-01  -7.0361347e-02  -1.0912237e-01  -2.0164922e-03  -1.3502452e-03  -2.4444536e-03
  -1.6290243e-01  -1.1356238e-01  -7.9998838e-02  -1.9766490e-03  -1.5812414e-03  -2.2660232e-03
  -1.7362789e-01  -1.1470787e-01  -8.1246886e-02  -1.8405012e-03  -1.7526814e-03  -2.4831436e-03
  -1.8228426e-01  -1.1053421e-01  -7.9210425e-02  -2.0966111e-03  -1.5057787e-03  -2.4756472e-03
  -1.9252233e-01  -1.0548148e-01  -1.3005717e-01  -1.8383480e-03  -1.7230004e-03  -2.5756404e-03
  -1.9324030e-01  -8.5184456e-02  -1.6115666e-01  -1.6957945e-03  -1.5771680e-03  -2.4340270e-03
  -1.9082171e-01  -6.8123840e-02  -1.6107000e-01  -1.6982338e-03  -1.5587204e-03  -2.3382566e-03
  -1.9752346e-01  -7.4786739e-02  -1.7291248e-01  -1.8019079e-03  -1.2632494e-03  -2.4522108e-03
  -1.7928215e-01  -8.6907503e-02  -1.6193751e-01  -2.0094333e-03  -1.7568025e-03  -2.0543407e-03
  -1.9452925e-01  -8.8716492e-02  -2.0174747e-01  -2.1472586e-03  -1.8911921e-03  -2.1855976e-03
  -2.0171824e-01  -8.4492193e-02  -1.9182423e-01  -1.3617575e-03  -1.6328882e-03  -2.5802492e-03
  -1.8629024e-01  -5.6593296e-02  -1.5859854e-01  -1.8297144e-03  -1.5258097e-03  -2.3900673e-03
  -2.0169311e-01  -6.1674682e-02  -1.8197609e-01  -1.5144136e-03  -1.5337964e-03  -2.7189181e-03
  -1.9595550e-01  -7.8400642e-02  -1.6623777e-01  -1.6372822e-03  -1.7780305e-03  -2.5449853e-03
  -1.8340252e-01  -8.2511828e-02  -1.9041339e-01  -2.1249022e-03  -2.0681119e-03  -2.2064006e-03
  -1.7400355e-01  -9.1999109e-02  -1.4780981e-01  -2.3287268e-03  -1.9527652e-03  -2.2917128e-03
  -1.7751981e-01  -9.9572799e-02  -1.3409705e-01  -1.9725133e-03  -2.0745275e-03  -2.2644444e-03
  -1.7333799e-01  -9.4633649e-02  -1.4598478e-01  -1.9912187e-03  -2.0631460e-03  -2.3567255e-03
  -1.7698623e-01  -8.8941830e-02  -1.6314637e-01  -1.7960295e-03  -1.8585664e-03  -2.2976286e-03
  -1.8849654e-01  -1.0509774e-01  -1.5745652e-01  -1.7608118e-03  -2.0992369e-03  -2.4784641e-03
  -1.8545931e-01  -8.7494801e-02  -2.0788971e-01  -1.6067626e-03  -1.8793244e-03  -2.3262509e-03
  -1.7935090e-01  -8.5374571e-02  -1.9090192e-01  -1.8927573e-03  -2.3253830e-03  -2.1814782e-03
  -1.6223893e-01  -1.0897802e-01  -1.6916951e-01  -1.4034455e-03  -2.8058308e-03  -1.8693829e-03
  -1.7155105e-01  -1.0457022e-01  -2.1223849e-01  -1.3513380e-03  -2.5237671e-03  -2.1493312e-03
  -1.3466882e-01  -6.7003000e-02  -2.9108803e-01  -2.3143814e-03  -2.5087954e-03  -8.9004030e-04
  -1.1431905e-01  -1.9541487e-02  -1.9996552e-01  -9.5844234e-04  -2.2150602e-03  -8.5721108e-04
  -1.2341868e-01  -3.8492513e-02  -1.7832245e-01  -1.9066297e-03  -2.2797704e-03  -1.1452885e-03
  -1.4541824e-01   2.4655876e-02  -4.7066282e-01  -2.8891888e-04  -2.7536075e-03  -1.0222075e-03
  -1.3423664e-01   4.9733440e-02  -4.4115555e-01  -1.4672300e-04  -2.9646704e-03  -8.0723196e-04
  -1.4706187e-01   4.7558683e-02  -4.5819867e-01   2.6074905e-04  -3.3770076e-03  -9.8360919e-04
  -1.3041660e-01   5.0973147e-02  -4.3794156e-01   2.9292658e-04  -3.5835553e-03  -8.4491962e-04
  -1.2927424e-01   5.7166431e-02  -4.9614555e-01  -1.7737812e-04  -3.3868759e-03  -7.1181523e-04
  -1.4680757e-01   5.4089396e-02  -4.5637052e-01   7.8797270e-04  -3.1700279e-03  -1.2032701e-03
  -1.3067811e-01   6.3313866e-02  -4.1985923e-01   4.3483088e-04  -3.7705840e-03  -6.8200436e-04
  -1.6868526e-01   5.1779704e-02  -4.7003709e-01   8.1440073e-04  -3.6966472e-03  -1.2809964e-03
  -1.6419034e-01   2.7643481e-02  -3.0323243e-01   5.0329692e-04  -3.8871191e-03  -1.2731509e-03
  -1.7460725e-01  -1.0120761e-03  -4.2767510e-01   9.3350785e-04  -4.0640513e-03  -1.5759138e-03
  -1.5957258e-01  -2.1052489e-03  -4.0614410e-01   8.7101443e-04  -4.7512333e-03  -1.4044322e-03
  -1.6023231e-01  -2.1065027e-04  -3.9885131e-01   3.5519344e-04  -4.4763040e-03  -1.3615240e-03
  -1.6541320e-01   1.8458853e-03  -4.0512588e-01   7.5689370e-04  -4.3357132e-03  -1.5052401e-03
  -1.7223004e-01  -4.5268147e-03  -3.9346570e-01   6.8033230e-04  -4.7033237e-03  -1.5810119e-03
  -1.7752929e-01  -1.9148021e-02  -3.8664675e-01   6.1074756e-04  -4.5809085e-03  -1.7353552e-03
  -1.7806375e-01  -1.4494485e-02  -4.0399336e-01   9.0527023e-04  -4.4623909e-03  -1.6377773e-03
  -1.6569774e-01   1.6902239e-03  -4.0398339e-01   9.0459877e-04  -4.6749478e-03  -1.5446146e-03
  -1.7223759e-01  -1.4306907e-02  -3.8688981e-01   1.0830444e-03  -4.6864543e-03  -1.7513925e-03
  -1.4536725e-01  -2.4235448e-03  -4.3998403e-01   9.1381853e-04  -4.9807425e-03  -1.1993704e-03
  -1.4334865e-01  -2.9062504e-03  -3.8375057e-01   1.0655079e-03  -5.1578661e-03  -1.3635264e-03
  -1.4243959e-01  -1.9288022e-02  -3.2578695e-01   1.4659135e-03  -5.3347395e-03  -1.3916025e-03
  -1.4364575e-01  -2.7113495e-02  -3.5428454e-01   6.7098024e-04  -5.3121569e-03  -1.4697703e-03
  -1.3496392e-01  -2.3459691e-02  -3.2645153e-01   3.4685280e-04  -5.4276822e-03  -1.1172396e-03
  -1.3706117e-01  -5.1878339e-02  -3.1603903e-01   8.5995891e-04  -5.2355311e-03  -1.3985317e-03
  -1.3007845e-01  -5.5817409e-02  -3.1560451e-01   4.7782214e-04  -5.0102839e-03  -1.2817472e-03
  -1.2645354e-01  -5.0208731e-02  -3.0199247e-01   7.4946039e-04  -5.8213608e-03  -1.2954050e-03
  -9.6913375e-02   1.3112046e-03  -2.8764233e-01   2.7541319e-03  -4.7140714e-03  -1.3595144e-03
  -1.2152030e-01  -5.8006147e-02  -3.5937057e-01   3.5281565e-03  -5.9607230e-03  -1.5218664e-03
  -1.4994744e-01  -7.9712012e-02  -2.1869796e-01   1.9233988e-03  -6.0664072e-03  -2.0436929e-03
  -1.3984122e-01  -9.2847356e-02  -2.2309414e-01   1.2902624e-03  -6.2479324e-03  -1.8667597e-03
  -1.3288559e-01  -8.7098797e-02  -2.0934634e-01   1.0125965e-03  -6.1526332e-03  -1.7638056e-03
  -1.2710928e-01  -7.3820171e-02  -2.3467011e-01   5.4346798e-04  -6.2800247e-03  -1.7651146e-03
  -1.2459537e-01  -6.9991957e-02  -1.9793061e-01   1.1591964e-04  -6.1721441e-03  -1.6346918e-03
  -1.2648286e-01  -7.8771129e-02  -1.5310475e-01  -5.9381889e-04  -6.7671498e-03  -1.6427229e-03
  -1.4069519e-01  -9.4301286e-02  -1.0875717e-01  -7.4766052e-05  -6.4355559e-03  -1.7466695e-03
  -1.3888500e-01  -1.0894537e-01  -1.4139557e-01  -5.6800218e-04  -6.4272750e-03  -1.7676377e-03
